221
1000 13.529 8.220
1100 9.511 9.057
1200 11.254 10.893
1300 13.704 12.775
1400 15.153 13.579
1500 17.207 16.110
1600 19.895 20.078
1700 22.307 22.975
1800 25.000 25.648
1900 28.290 30.800
2000 30.866 32.149
2100 40.275 35.258
2200 37.470 38.986
2300 40.644 43.257
2400 43.982 47.500
2500 48.151 50.728
2600 51.962 58.185
2700 55.223 60.888
2800 61.298 67.798
2900 63.901 72.043
3000 69.080 75.307
3100 73.633 79.632
3200 77.108 94.252
3300 83.566 91.103
3400 88.184 98.754
3500 93.232 100.430
3600 98.669 111.749
3700 106.060 115.379
3800 108.697 122.324
3900 117.679 122.564
4000 120.302 137.408
4100 125.453 133.453
4200 134.235 144.027
4300 140.999 153.618
4400 146.941 160.100
4500 156.728 166.826
4600 157.103 174.325
4700 164.220 178.864
4800 174.472 212.160
4900 180.881 197.987
5000 187.829 206.623
5100 197.057 217.068
5200 201.077 238.896
5300 209.941 240.680
5400 217.774 256.351
5500 226.863 266.892
5600 233.091 286.633
5700 245.051 287.594
5800 251.180 316.653
5900 265.627 325.942
6000 275.754 361.012
6100 289.316 370.093
6200 299.998 372.866
6300 306.296 389.452
6400 304.535 693.516
6500 315.760 402.470
6600 323.696 414.260
6700 355.676 494.761
6800 352.249 442.151
6900 352.161 463.560
7000 371.131 490.974
7100 396.317 500.033
7200 400.708 535.635
7300 408.086 526.625
7400 415.655 544.374
7500 423.993 546.579
7600 439.775 583.788
7700 446.000 568.970
7800 450.238 618.243
7900 468.092 652.215
8000 473.271 676.719
8100 482.198 660.791
8200 500.737 659.871
8300 516.414 722.380
8400 524.711 706.383
8500 531.377 777.599
8600 552.679 780.033
8700 555.499 761.756
8800 577.713 785.727
8900 586.595 776.385
9000 593.075 803.489
9100 627.651 830.752
9200 633.685 855.463
9300 646.691 873.358
9400 650.251 881.220
9500 708.584 912.090
9600 680.797 1197.923
9700 702.585 934.901
9800 717.415 971.320
9900 720.076 993.191
10000 746.819 1015.447
10100 746.753 1044.570
10200 766.981 1043.083
10300 788.134 1061.518
10400 798.827 1119.397
10500 807.916 1185.906
10600 823.471 1268.184
10700 846.763 1213.595
10800 857.335 1269.111
10900 890.466 1493.032
11000 889.302 1446.768
11100 920.550 1246.190
11200 923.354 1629.851
11300 953.887 1463.128
11400 969.694 1321.918
11500 983.913 1336.891
11600 1012.681 1398.826
11700 1031.774 1402.304
11800 1041.277 1413.070
11900 1048.210 1431.688
12000 1082.211 1534.042
12100 1074.609 1514.231
12200 1100.518 1505.296
12300 1120.897 1535.647
12400 1158.200 1615.529
12500 1155.851 1600.402
12600 1168.308 1648.278
12700 1235.983 1633.836
12800 1207.132 5465.538
12900 1226.760 1688.595
13000 1243.128 1765.698
13100 1287.106 1778.006
13200 1289.918 1862.422
13300 1331.514 2230.437
13400 1323.009 2166.701
13500 1363.176 1941.364
13600 1384.633 2416.859
13700 1386.692 2658.624
13800 1422.431 2076.562
13900 1450.329 2239.605
14000 1466.067 2082.007
14100 1504.854 2209.764
14200 1507.056 2267.805
14300 1517.559 2110.281
14400 1573.016 2417.515
14500 1602.507 2173.286
14600 1581.972 2280.812
14700 1593.437 2261.891
14800 1618.098 2384.415
14900 1638.827 2373.563
15000 1693.163 2371.269
15100 1704.116 2372.028
15200 1710.751 2563.106
15300 1733.905 2457.569
15400 1771.892 2589.953
15500 1817.027 2641.873
15600 1837.807 2841.057
15700 1975.773 2996.680
15800 1939.948 3147.917
15900 2137.824 3082.886
16000 2006.193 7852.271
16100 1998.906 3938.028
16200 2083.375 3159.758
16300 2070.766 3898.431
16400 2148.498 4422.215
16500 2078.670 5343.487
16600 2104.312 3370.174
16700 2073.225 3941.551
16800 2128.973 3719.888
16900 2114.112 3157.017
17000 2209.572 3158.714
17100 2233.363 3207.822
17200 2238.633 3308.332
17300 2284.680 3269.700
17400 2303.000 3340.450
17500 2307.748 3414.228
17600 2353.169 4277.746
17700 2352.930 3511.962
17800 2364.397 3614.803
17900 2376.402 3631.603
18000 2407.955 3736.144
18100 2487.915 3672.058
18200 2453.055 3827.759
18300 2485.884 3827.660
18400 2522.406 3848.411
18500 2564.478 3853.659
18600 2573.443 3936.170
18700 2655.575 4967.001
18800 2624.952 5914.579
18900 2706.415 5199.856
19000 2742.571 5449.274
19100 2766.321 6910.388
19200 2764.586 13287.134
19300 2789.536 4758.103
19400 2849.805 6239.147
19500 2812.577 6648.408
19600 2919.983 4729.492
19700 2877.062 4617.737
19800 2897.321 4942.668
19900 2994.769 4747.335
20000 2946.418 4763.782
20100 2996.179 4934.645
20200 3032.530 4971.788
20300 3129.805 5138.531
20400 3143.815 5088.557
20500 3206.601 5156.865
20600 3195.198 5285.831
20700 3178.022 5266.480
20800 3234.122 7316.228
20900 3257.288 5544.772
21000 3338.611 5513.402
21100 3357.520 5827.128
21200 3420.707 5781.122
21300 3475.607 5852.910
21400 3484.131 6707.530
21500 3434.965 8809.629
21600 3527.223 8210.501
21700 3541.821 7109.814
21800 3535.657 9337.461
21900 3560.922 10392.911
22000 3649.900 7530.458
22100 3607.213 8465.297
22200 3695.430 9025.105
22300 3741.893 7241.738
22400 3796.667 14931.343
22500 3794.742 6941.479
22600 3831.678 7023.159
22700 3892.951 7359.684
22800 3924.705 7015.057
22900 3944.159 7316.749
23000 3928.433 7439.518
